searchKeyword, searchResult
dress, LAFAYETTE CONVERTIBLE DRESS
top, TOP SPRING
candle, COOL CANDLE
woman, woman